function [GP,GW]=generate_GP_GW

p1=-0.9061798459386640;  p2=-0.5384693101056830;  p3=0;  p4=-p2;  p5=-p1;  GP=[p1 p2 p3 p4 p5];

w1=0.2369268850561890;  w2=0.4786286704993660;  w3=0.5688888888888880;  w4=w2;  w5=w1;  GW=[w1 w2 w3 w4 w5];

GP=(1/2)*(GP+1);  GW=(1/2)*GW;
